1401
1429
1433
1436
2121
2122
2148
2150
2158
2159
2160
2178
2342
2351
2370
2385
2402
2438
2477
2489
2497
2586
3053
3063
3071
3133
3135
3137
3138
3182
3185
3187
3195
3224
3237
3248
3261
3267
3286
3300
3359
3416
3418
3452
3461
3474
3477
3479
3541
3542
3545
3547
3550
3556
3557
3558
3559
3561
3622
3623
3624
3628
3634
3645
3646
3652
3653
3664
3665
3671
3674
3675
3679
3680
3682
3685
3689
3690
3691
3692
3695
3697
3698
3723
3727
3742
3773
3782
3793
3810
3815
3823
3825
3840
3850
3853
3856
3900
3904
3905
3906
3907
3908
3911
3912
3913
3914
3915
3917
3921
3922
3923
3925
3927
3928
3929
3930
3931
3932
3934
3935
3936
3937
3939
3960
3961
3962
3963
3966
3967
3969
3970
3976
3979
3981
3983
3984
3985
4308
4563
4564
4565
4571
4575
4583
4584
4585
4586
4588
4591
4592
4593
4594
4596
4597
4813
4824
5704
6026
6027
6030
6031
6033
6034
6038
6039
6040
6045
6046
6047
6049
6064
6067
6069
6072
6079
6081
6084
6085
6086
6088
6090
6092
6094
6095
6096
6166
6172
6173
6176
6177
6180
6181
6182
6184
6185
6189
6190
6192
6193
6194
6195
6196
6198
6199
6200
6255
6264
6531
6532
6533
6535
6537
6538
6539
6541
6544
6545
6618
6627
6656
7157
7172
7183
7187
7191
7707
7779
7782
7813
7829
8789
8914
8922
9325
9467
9519
